dis_in,P_lb
-0.0005178035339422464,0
-0.0004914074832726421,10
-0.00046501142200967074,20
-0.00043861535015330376,30
-0.00041221926770351226,40
-0.00038582317466026854,50
-0.00035942707102354387,60
-0.0003330309567933093,70
-0.00030663483196953717,80
-0.0002802386965521991,90
-0.0002538425505412662,100
-0.0002274463939367106,110
-0.00020105022673850333,120
-0.00017465404894661653,130
-0.0001482578605610214,140
-0.00012186166158168946,150
-9.546545200859347e-5,160
-6.906923184170306e-5,170
-4.267300108099134e-5,180
-1.6276759726429348e-5,190
1.0119492222011327e-5,200
3.65157547643591e-5,210
6.291202790064155e-5,220
8.930831163088847e-5,230
0.00011570460595512663,240
0.00014210091087338633,250
0.00016849722638569438,260
0.00019489355249208053,270
0.00022128988919257211,280
0.0002476862364871978,290
0.0002740825943759863,300
0.00030047896285896516,310
0.00032687534193616365,320
0.00035327173160761043,330
0.0003796681318733326,340
0.0004060645427333604,350
0.00043246096418771986,360
0.00045885739623644124,370
0.0004852538388795524,380
0.0005116502921170816,390
0.0005380467559490576,400
0.0005644432303755079,410
0.000590839715396463,420
0.0006172362110119483,430
0.0006436327172219953,440
0.0006700292340266299,450
0.0006964257614258818,460
0.0007228222994197785,470
0.0007492188480083488,480
0.0007756154071916222,490
0.0008020119769696254,500
0.0008284085573423889,510
0.0008548051483099377,520
0.0008812017498723046,530
0.000907598362029514,540
0.0009339949847815969,550
0.0009603916181285798,560
0.000986788262070492,570
0.0010131849166073637,580
0.0010395815817392192,590
0.001065978257466091,600
0.0010923749437880047,610
0.0011187716407049905,620
0.001145168348217076,630
0.0011715650663242897,640
0.0011979617950266602,650
0.0012243585343242156,660
0.0012507552842169823,670
0.0012771520447049935,680
0.001303548815788274,690
0.0013299455974668537,700
0.0013563423897407568,710
0.0013827391926100197,720
0.001409136006074666,730
0.0014355328301347225,740
0.0014619296647902203,750
0.0014883265100411871,760
0.00151472336588765,770
0.00154112023232964,780
0.0015675171093671848,790
0.0015939139970003115,800
0.00162031089522905,810
0.0016467078040534253,820
0.0016731047234734718,830
0.0016995016534892126,840
0.0017258985941006784,850
0.0017522955453078957,860
0.001778692507110896,870
0.0018050894795097073,880
0.0018314864625043527,890
0.0018578834560948685,900
0.0018842804602812774,910
0.001910677475063611,920
0.0019370745004418937,930
0.001963471536416159,940
0.0019898685829864322,950
0.0020162656401527417,960
0.002042662707915118,970
0.0020690597862735886,980
0.0020954568752281806,990
0.0021218539747789216,1000
0.002148251084925842,1010
0.0021746482056689736,1020
0.0022010453370083383,1030
0.002227442478943964,1040
0.002253839631475885,1050
0.00228023679460413,1060
0.002306633968328721,1070
0.0023330311526496895,1080
0.002359428347567066,1090
0.002385825553080878,1100
0.0024122227691911486,1110
0.002438619995897914,1120
0.0024650172332011983,1130
0.0024914144811010314,1140
0.0025178117395974397,1150
0.0025442090086904533,1160
0.0025706062883801024,1170
0.0025970035786664104,1180
0.0026234008795494104,1190
0.002649798191029129,1200
0.0026761955131055955,1210
0.0027025928457788343,1220
0.0027289901890488783,1230
0.002755387542915757,1240
0.002781784907379493,1250
0.002808182282440119,1260
0.002834579668097663,1270
0.0028609770643521514,1280
0.002887374471203615,1290
0.0029137718886520806,1300
0.0029401693166975795,1310
0.0029665667553401384,1320
0.00299296420457978,1330
0.003019361664416539,1340
0.003045759134850451,1350
0.0030721566158815263,1360
0.0030985541075098056,1370
0.003124951609735317,1380
0.0031513491225580825,1390
0.0031777466459781403,1400
0.0032041441799955063,1410
0.0032305417246102186,1420
0.003256939279822305,1430
0.0032833368456317924,1440
0.0033097344220387047,1450
0.003336132009043075,1460
0.003362529606644932,1470
0.0033889272148443007,1480
0.0034153248336412133,1490
0.003441722463035696,1500
0.0034681201030277785,1510
0.00349451775361749,1520
0.0035209154148048527,1530
0.0035473130865899044,1540
0.003573710768972666,1550
0.0036001084619531666,1560
0.003626506165531441,1570
0.003652903879707513,1580
0.003679301604481409,1590
0.00370569933985316,1600
0.003732097085822796,1610
0.0037584948423903413,1620
0.003784892609555826,1630
0.0038112903873192797,1640
0.003837688175680734,1650
0.003864085974640209,1660
0.0038904837841977355,1670
0.00391688160435335,1680
0.003943279435107071,1690
0.003969677276458931,1700
0.00399607512840896,1710
0.00402247299095718,1720
0.004048870864103628,1730
0.004075268747848327,1740
0.004101666642191308,1750
0.004128064547132594,1760
0.00415446246267222,1770
0.004180860388810213,1780
0.004207258325546601,1790
0.004233656272881411,1800
0.004260054230814667,1810
0.00428645219934641,1820
0.004312850178476656,1830
0.004339248168205441,1840
0.004365646168532788,1850
0.0043920441794587295,1860
0.004418442200983294,1870
0.004444840233106507,1880
0.004471238275828398,1890
0.004497636329148996,1900
0.004524034393068328,1910
0.004550432467586425,1920
0.004576830552703317,1930
0.004603228648419023,1940
0.004629626754733587,1950
0.004656024871647017,1960
0.004682422999159357,1970
0.004708821137270633,1980
0.004735219285980868,1990
0.004761617445290097,2000
0.004788015615198347,2010
0.004814413795705638,2020
0.0048408119868120075,2030
0.004867210188517486,2040
0.0048936084008220915,2050
0.004920006623725863,2060
0.0049464048572288215,2070
0.004972803101330993,2080
0.004999201356032419,2090
0.005025599621333111,2100
0.005051997897233117,2110
0.005078396183732447,2120
0.0051047944808311355,2130
0.005131192788529217,2140
0.005157591106826715,2150
0.0,2160
0.0,2170
0.0,2180
0.0,2190
0.0,2200
0.0,2210
0.0,2220
0.0,2230
0.0,2240
0.0,2250
0.0,2260
0.0,2270
0.0,2280
0.0,2290
0.0,2300
0.0,2310
0.0,2320
0.0,2330
0.0,2340
0.0,2350
0.0,2360
0.0,2370
0.0,2380
0.0,2390
0.0,2400
0.0,2410
0.0,2420
0.0,2430
0.0,2440
0.0,2450
0.0,2460
0.0,2470
0.0,2480
0.0,2490
0.0,2500
0.0,2510
0.0,2520
0.0,2530
0.0,2540
0.0,2550
0.0,2560
0.0,2570
0.0,2580
0.0,2590
0.0,2600
0.0,2610
0.0,2620
0.0,2630
0.0,2640
0.0,2650
0.0,2660
0.0,2670
0.0,2680
0.0,2690
0.0,2700
0.0,2710
0.0,2720
0.0,2730
0.0,2740
0.0,2750
0.0,2760
0.0,2770
0.0,2780
0.0,2790
0.0,2800
0.0,2810
0.0,2820
0.0,2830
0.0,2840
0.0,2850
0.0,2860
0.0,2870
0.0,2880
0.0,2890
0.0,2900
0.0,2910
0.0,2920
0.0,2930
0.0,2940
0.0,2950
0.0,2960
0.0,2970
0.0,2980
0.0,2990
0.0,3000
0.0,3010
0.0,3020
0.0,3030
0.0,3040
0.0,3050
0.0,3060
0.0,3070
0.0,3080
0.0,3090
0.0,3100
0.0,3110
0.0,3120
0.0,3130
0.0,3140
0.0,3150
0.0,3160
0.0,3170
0.0,3180
0.0,3190
0.0,3200
0.0,3210
0.0,3220
0.0,3230
0.0,3240
0.0,3250
0.0,3260
0.0,3270
0.0,3280
0.0,3290
0.0,3300
0.0,3310
0.0,3320
0.0,3330
0.0,3340
0.0,3350
0.0,3360
0.0,3370
0.0,3380
0.0,3390
0.0,3400
0.0,3410
0.0,3420
0.0,3430
0.0,3440
0.0,3450
0.0,3460
0.0,3470
0.0,3480
0.0,3490
0.0,3500
0.0,3510
0.0,3520
0.0,3530
0.0,3540
0.0,3550
0.0,3560
0.0,3570
0.0,3580
0.0,3590
0.0,3600
0.0,3610
0.0,3620
0.0,3630
0.0,3640
0.0,3650
0.0,3660
0.0,3670
0.0,3680
0.0,3690
0.0,3700
0.0,3710
0.0,3720
0.0,3730
0.0,3740
0.0,3750
0.0,3760
0.0,3770
0.0,3780
0.0,3790
0.0,3800
0.0,3810
0.0,3820
0.0,3830
0.0,3840
0.0,3850
0.0,3860
0.0,3870
0.0,3880
0.0,3890
0.0,3900
0.0,3910
0.0,3920
0.0,3930
0.0,3940
0.0,3950
0.0,3960
0.0,3970
0.0,3980
0.0,3990
0.0,4000
